
x <- c(1, 3, 5)      	# 1, 3, 5からなるベクトル
y <- c(3, 4, 5)      	# 3, 4, 5からなるベクトル

